[ 0.7619895  -0.41181946  0.21197438 -0.515844   -0.22226653 -0.36144796
  0.6178967  -0.23272802 -0.39168894 -0.31815547 -0.47524938  0.8747806
 -0.5560116   0.7161082  -0.63127196 -0.5137344   0.01485427  0.14347719
 -0.18466683 -0.02617145 -0.4608044   0.88367504 -0.4047469  -0.1388908
  0.13113743 -0.33210304 -0.17419174 -0.34837696 -0.81448483 -0.30917937
 -0.2032732   0.9569428   0.24577992  0.32341826 -0.326113    0.04358178
  0.01497118  0.6165013   0.24871266  0.05340384  0.4329903  -0.41457015
  0.23305294  0.19191566 -0.21742526  0.00350463 -0.27734396  0.5283178
 -0.49688756 -0.13765989 -0.49023578 -0.8352375   0.52639115  0.180997
  0.61860824  0.78936327  0.6085954   0.58300996  0.03909923 -0.16381314
 -0.8785173   0.08648741 -0.6980063   0.26012185  0.8640701  -0.23340347
  0.14583863  0.2841531  -0.4727653  -0.15080908 -0.05615373  0.4447248
  0.2162247  -0.34090143  0.01444989  0.6742633   0.22173654  0.39370435
 -0.1649951   0.76988524  0.3524723  -0.37393546  0.44362092  0.08494633
 -0.5047522  -0.44561803  0.9386492  -0.4264785   0.09516017 -0.03054683
  0.03366823  0.09527233  0.79780245  0.39797267  0.16173556  0.07659194
  0.55849266 -0.6553208   0.48272777  0.7688694  -0.47076008  0.3262226
 -0.52381045 -0.71750677  0.11783956 -0.15976301 -0.4245174   0.07258022
 -0.00767433  0.1647722   0.3710419   0.57775867  0.82829815  0.2235346
  0.4409903   0.27224582 -0.29506633  0.7095204  -0.87231     0.4346643
 -0.8623606  -0.4671355  -0.6123612   0.00540066 -0.11058138  0.12058242
  0.33460772 -0.2152615   0.06807197 -0.45603892  0.33895668  0.28277567
  0.6523671   0.39140543  0.18891835  0.32123786 -0.3769043   0.2031129
 -0.95299935  0.42157227  0.01045409  0.5525404  -0.07177402 -0.11299829
 -0.46125245  0.4627393   0.42357707  0.25443304  0.43409532 -0.01410429
  0.58095205 -0.21916798 -0.19042479 -0.6412023  -0.27089897  0.06935211
 -0.16694932 -0.19082376  0.1674813   0.36916578  0.90062475  0.32593068
 -0.5917572  -0.9037898   0.5063986   0.6660311  -0.75241995  0.4888715
 -0.5746472   0.21462673  0.15046912  0.12989846 -0.44976258  0.07918131
 -0.21220005 -0.79333645 -0.7804344  -0.21713224  0.9568039  -0.7372006
 -0.17309779  0.18543997 -0.31053102 -0.53064346 -0.33023226 -0.49631155
 -0.13839892 -0.22790752  0.54579467 -0.43263876  0.3853527   0.70175046
  0.36921954 -0.41834426 -0.46431115  0.59745467  0.8345326   0.01820503
 -0.42870715 -0.28270283  0.02301635  0.4085182   0.24175869 -0.62039286
  0.02360226 -0.09576248  0.6598188  -0.6911119  -0.05163957  0.19106123
 -0.6244129  -0.81844676  0.49660385  0.08394495  0.07054295  0.76508296
  0.7310349   0.30439848 -0.28032833 -0.814126    0.0635308  -0.57421863
  0.3690787  -0.6158022  -0.26197773 -0.02175523  0.71951824  0.39126015
 -0.30332762  0.70506907  0.27017704 -0.4005496  -0.18008257 -0.58525234
 -0.44241372  0.44913232  0.5258526   0.42837793  0.01493174  0.10088503
  0.2508707  -0.9653375  -0.1163359   0.07568365 -0.33513156 -0.6297112
 -0.20816883 -0.60379565 -0.26001552 -0.21189778 -0.5774381   0.02378041
 -0.3991268  -0.574636    0.49994737  0.06324984 -0.4543469   0.42205673
 -0.63477755  0.34056845 -0.20079525  0.6110244  -0.6640003   0.14256082
  0.34927234  0.03335654  0.18926354  0.18510851  0.12719603  0.17425844
  0.45075387  0.06883171 -0.06243367  0.5621357   0.15781906 -0.02005453
  0.11562781  0.23508206  0.06209251  0.05180022 -0.06751418  0.34962717
  0.8640497  -0.8004118  -0.77842003 -0.7292061   0.5541485  -0.48933762
 -0.03765638  0.0618792   0.34057826 -0.38804692  0.38752025  0.17068681
 -0.09270115 -0.6649438  -0.03494006 -0.39657354 -0.34222096 -0.6740026
  0.5710354   0.5754781  -0.51873636 -0.97032666  0.39244702 -0.35640362
  0.44486794 -0.24079718  0.30577275 -0.3092181  -0.18303868  0.39527908
 -0.40708095 -0.10729611 -0.7174744  -0.62392294 -0.60966384 -0.68168616
  0.39960778  0.18348417  0.03894428  0.66119516 -0.34122956  0.38195318
 -0.6315758  -0.03042821  0.41588253 -0.5913399   0.03971988  0.23591378
  0.5523566   0.6821767   0.3327012   0.7924192  -0.0888678   0.71115506
 -0.5970533   0.5086791  -0.02785049 -0.31347734  0.13780563 -0.7143731
  0.27014267  0.4798137   0.5929364   0.00289063 -0.9463418   0.56674665
 -0.23679313  0.34338492  0.32397228  0.01540507  0.5458773  -0.16348194
  0.21166271  0.05796409 -0.74109066 -0.30265206  0.51105756 -0.18655002
  0.32435858 -0.37626186 -0.08088046 -0.7301866   0.71595687  0.11220117
 -0.44842517 -0.9054914   0.47506845  0.23824018 -0.32990506 -0.6964805
 -0.0546933   0.39659947 -0.60826904 -0.45017904 -0.43685007 -0.39594626
 -0.64880323 -0.6646465   0.8786622   0.34579867 -0.28581488 -0.4612376 ][ 0.7619895  -0.41181946  0.21197438 -0.515844   -0.22226653 -0.36144796
  0.6178967  -0.23272802 -0.39168894 -0.31815547 -0.47524938  0.8747806
 -0.5560116   0.7161082  -0.63127196 -0.5137344   0.01485427  0.14347719
 -0.18466683 -0.02617145 -0.4608044   0.88367504 -0.4047469  -0.1388908
  0.13113743 -0.33210304 -0.17419174 -0.34837696 -0.81448483 -0.30917937
 -0.2032732   0.9569428   0.24577992  0.32341826 -0.326113    0.04358178
  0.01497118  0.6165013   0.24871266  0.05340384  0.4329903  -0.41457015
  0.23305294  0.19191566 -0.21742526  0.00350463 -0.27734396  0.5283178
 -0.49688756 -0.13765989 -0.49023578 -0.8352375   0.52639115  0.180997
  0.61860824  0.78936327  0.6085954   0.58300996  0.03909923 -0.16381314
 -0.8785173   0.08648741 -0.6980063   0.26012185  0.8640701  -0.23340347
  0.14583863  0.2841531  -0.4727653  -0.15080908 -0.05615373  0.4447248
  0.2162247  -0.34090143  0.01444989  0.6742633   0.22173654  0.39370435
 -0.1649951   0.76988524  0.3524723  -0.37393546  0.44362092  0.08494633
 -0.5047522  -0.44561803  0.9386492  -0.4264785   0.09516017 -0.03054683
  0.03366823  0.09527233  0.79780245  0.39797267  0.16173556  0.07659194
  0.55849266 -0.6553208   0.48272777  0.7688694  -0.47076008  0.3262226
 -0.52381045 -0.71750677  0.11783956 -0.15976301 -0.4245174   0.07258022
 -0.00767433  0.1647722   0.3710419   0.57775867  0.82829815  0.2235346
  0.4409903   0.27224582 -0.29506633  0.7095204  -0.87231     0.4346643
 -0.8623606  -0.4671355  -0.6123612   0.00540066 -0.11058138  0.12058242
  0.33460772 -0.2152615   0.06807197 -0.45603892  0.33895668  0.28277567
  0.6523671   0.39140543  0.18891835  0.32123786 -0.3769043   0.2031129
 -0.95299935  0.42157227  0.01045409  0.5525404  -0.07177402 -0.11299829
 -0.46125245  0.4627393   0.42357707  0.25443304  0.43409532 -0.01410429
  0.58095205 -0.21916798 -0.19042479 -0.6412023  -0.27089897  0.06935211
 -0.16694932 -0.19082376  0.1674813   0.36916578  0.90062475  0.32593068
 -0.5917572  -0.9037898   0.5063986   0.6660311  -0.75241995  0.4888715
 -0.5746472   0.21462673  0.15046912  0.12989846 -0.44976258  0.07918131
 -0.21220005 -0.79333645 -0.7804344  -0.21713224  0.9568039  -0.7372006
 -0.17309779  0.18543997 -0.31053102 -0.53064346 -0.33023226 -0.49631155
 -0.13839892 -0.22790752  0.54579467 -0.43263876  0.3853527   0.70175046
  0.36921954 -0.41834426 -0.46431115  0.59745467  0.8345326   0.01820503
 -0.42870715 -0.28270283  0.02301635  0.4085182   0.24175869 -0.62039286
  0.02360226 -0.09576248  0.6598188  -0.6911119  -0.05163957  0.19106123
 -0.6244129  -0.81844676  0.49660385  0.08394495  0.07054295  0.76508296
  0.7310349   0.30439848 -0.28032833 -0.814126    0.0635308  -0.57421863
  0.3690787  -0.6158022  -0.26197773 -0.02175523  0.71951824  0.39126015
 -0.30332762  0.70506907  0.27017704 -0.4005496  -0.18008257 -0.58525234
 -0.44241372  0.44913232  0.5258526   0.42837793  0.01493174  0.10088503
  0.2508707  -0.9653375  -0.1163359   0.07568365 -0.33513156 -0.6297112
 -0.20816883 -0.60379565 -0.26001552 -0.21189778 -0.5774381   0.02378041
 -0.3991268  -0.574636    0.49994737  0.06324984 -0.4543469   0.42205673
 -0.63477755  0.34056845 -0.20079525  0.6110244  -0.6640003   0.14256082
  0.34927234  0.03335654  0.18926354  0.18510851  0.12719603  0.17425844
  0.45075387  0.06883171 -0.06243367  0.5621357   0.15781906 -0.02005453
  0.11562781  0.23508206  0.06209251  0.05180022 -0.06751418  0.34962717
  0.8640497  -0.8004118  -0.77842003 -0.7292061   0.5541485  -0.48933762
 -0.03765638  0.0618792   0.34057826 -0.38804692  0.38752025  0.17068681
 -0.09270115 -0.6649438  -0.03494006 -0.39657354 -0.34222096 -0.6740026
  0.5710354   0.5754781  -0.51873636 -0.97032666  0.39244702 -0.35640362
  0.44486794 -0.24079718  0.30577275 -0.3092181  -0.18303868  0.39527908
 -0.40708095 -0.10729611 -0.7174744  -0.62392294 -0.60966384 -0.68168616
  0.39960778  0.18348417  0.03894428  0.66119516 -0.34122956  0.38195318
 -0.6315758  -0.03042821  0.41588253 -0.5913399   0.03971988  0.23591378
  0.5523566   0.6821767   0.3327012   0.7924192  -0.0888678   0.71115506
 -0.5970533   0.5086791  -0.02785049 -0.31347734  0.13780563 -0.7143731
  0.27014267  0.4798137   0.5929364   0.00289063 -0.9463418   0.56674665
 -0.23679313  0.34338492  0.32397228  0.01540507  0.5458773  -0.16348194
  0.21166271  0.05796409 -0.74109066 -0.30265206  0.51105756 -0.18655002
  0.32435858 -0.37626186 -0.08088046 -0.7301866   0.71595687  0.11220117
 -0.44842517 -0.9054914   0.47506845  0.23824018 -0.32990506 -0.6964805
 -0.0546933   0.39659947 -0.60826904 -0.45017904 -0.43685007 -0.39594626
 -0.64880323 -0.6646465   0.8786622   0.34579867 -0.28581488 -0.4612376 ][ 0.7619895  -0.41181946  0.21197438 -0.515844   -0.22226653 -0.36144796
  0.6178967  -0.23272802 -0.39168894 -0.31815547 -0.47524938  0.8747806
 -0.5560116   0.7161082  -0.63127196 -0.5137344   0.01485427  0.14347719
 -0.18466683 -0.02617145 -0.4608044   0.88367504 -0.4047469  -0.1388908
  0.13113743 -0.33210304 -0.17419174 -0.34837696 -0.81448483 -0.30917937
 -0.2032732   0.9569428   0.24577992  0.32341826 -0.326113    0.04358178
  0.01497118  0.6165013   0.24871266  0.05340384  0.4329903  -0.41457015
  0.23305294  0.19191566 -0.21742526  0.00350463 -0.27734396  0.5283178
 -0.49688756 -0.13765989 -0.49023578 -0.8352375   0.52639115  0.180997
  0.61860824  0.78936327  0.6085954   0.58300996  0.03909923 -0.16381314
 -0.8785173   0.08648741 -0.6980063   0.26012185  0.8640701  -0.23340347
  0.14583863  0.2841531  -0.4727653  -0.15080908 -0.05615373  0.4447248
  0.2162247  -0.34090143  0.01444989  0.6742633   0.22173654  0.39370435
 -0.1649951   0.76988524  0.3524723  -0.37393546  0.44362092  0.08494633
 -0.5047522  -0.44561803  0.9386492  -0.4264785   0.09516017 -0.03054683
  0.03366823  0.09527233  0.79780245  0.39797267  0.16173556  0.07659194
  0.55849266 -0.6553208   0.48272777  0.7688694  -0.47076008  0.3262226
 -0.52381045 -0.71750677  0.11783956 -0.15976301 -0.4245174   0.07258022
 -0.00767433  0.1647722   0.3710419   0.57775867  0.82829815  0.2235346
  0.4409903   0.27224582 -0.29506633  0.7095204  -0.87231     0.4346643
 -0.8623606  -0.4671355  -0.6123612   0.00540066 -0.11058138  0.12058242
  0.33460772 -0.2152615   0.06807197 -0.45603892  0.33895668  0.28277567
  0.6523671   0.39140543  0.18891835  0.32123786 -0.3769043   0.2031129
 -0.95299935  0.42157227  0.01045409  0.5525404  -0.07177402 -0.11299829
 -0.46125245  0.4627393   0.42357707  0.25443304  0.43409532 -0.01410429
  0.58095205 -0.21916798 -0.19042479 -0.6412023  -0.27089897  0.06935211
 -0.16694932 -0.19082376  0.1674813   0.36916578  0.90062475  0.32593068
 -0.5917572  -0.9037898   0.5063986   0.6660311  -0.75241995  0.4888715
 -0.5746472   0.21462673  0.15046912  0.12989846 -0.44976258  0.07918131
 -0.21220005 -0.79333645 -0.7804344  -0.21713224  0.9568039  -0.7372006
 -0.17309779  0.18543997 -0.31053102 -0.53064346 -0.33023226 -0.49631155
 -0.13839892 -0.22790752  0.54579467 -0.43263876  0.3853527   0.70175046
  0.36921954 -0.41834426 -0.46431115  0.59745467  0.8345326   0.01820503
 -0.42870715 -0.28270283  0.02301635  0.4085182   0.24175869 -0.62039286
  0.02360226 -0.09576248  0.6598188  -0.6911119  -0.05163957  0.19106123
 -0.6244129  -0.81844676  0.49660385  0.08394495  0.07054295  0.76508296
  0.7310349   0.30439848 -0.28032833 -0.814126    0.0635308  -0.57421863
  0.3690787  -0.6158022  -0.26197773 -0.02175523  0.71951824  0.39126015
 -0.30332762  0.70506907  0.27017704 -0.4005496  -0.18008257 -0.58525234
 -0.44241372  0.44913232  0.5258526   0.42837793  0.01493174  0.10088503
  0.2508707  -0.9653375  -0.1163359   0.07568365 -0.33513156 -0.6297112
 -0.20816883 -0.60379565 -0.26001552 -0.21189778 -0.5774381   0.02378041
 -0.3991268  -0.574636    0.49994737  0.06324984 -0.4543469   0.42205673
 -0.63477755  0.34056845 -0.20079525  0.6110244  -0.6640003   0.14256082
  0.34927234  0.03335654  0.18926354  0.18510851  0.12719603  0.17425844
  0.45075387  0.06883171 -0.06243367  0.5621357   0.15781906 -0.02005453
  0.11562781  0.23508206  0.06209251  0.05180022 -0.06751418  0.34962717
  0.8640497  -0.8004118  -0.77842003 -0.7292061   0.5541485  -0.48933762
 -0.03765638  0.0618792   0.34057826 -0.38804692  0.38752025  0.17068681
 -0.09270115 -0.6649438  -0.03494006 -0.39657354 -0.34222096 -0.6740026
  0.5710354   0.5754781  -0.51873636 -0.97032666  0.39244702 -0.35640362
  0.44486794 -0.24079718  0.30577275 -0.3092181  -0.18303868  0.39527908
 -0.40708095 -0.10729611 -0.7174744  -0.62392294 -0.60966384 -0.68168616
  0.39960778  0.18348417  0.03894428  0.66119516 -0.34122956  0.38195318
 -0.6315758  -0.03042821  0.41588253 -0.5913399   0.03971988  0.23591378
  0.5523566   0.6821767   0.3327012   0.7924192  -0.0888678   0.71115506
 -0.5970533   0.5086791  -0.02785049 -0.31347734  0.13780563 -0.7143731
  0.27014267  0.4798137   0.5929364   0.00289063 -0.9463418   0.56674665
 -0.23679313  0.34338492  0.32397228  0.01540507  0.5458773  -0.16348194
  0.21166271  0.05796409 -0.74109066 -0.30265206  0.51105756 -0.18655002
  0.32435858 -0.37626186 -0.08088046 -0.7301866   0.71595687  0.11220117
 -0.44842517 -0.9054914   0.47506845  0.23824018 -0.32990506 -0.6964805
 -0.0546933   0.39659947 -0.60826904 -0.45017904 -0.43685007 -0.39594626
 -0.64880323 -0.6646465   0.8786622   0.34579867 -0.28581488 -0.4612376 ]